,Expt. No,T_external,Cd_mM,Se_mM,OA_Cd_ratio,T_reactor,t_s,Peak_nm,FWHM_nm,height,Peak_eV,FWHM_eV,height.1
400,37,21.95,10,10,3.0,210,10.001,422.895,28.622,0.175,2.932,0.192,0.175
401,37,21.95,10,10,3.0,210,20.879,432.307,27.936,0.186,2.868,0.18,0.186
402,37,21.95,10,10,3.0,210,30.939,436.69,26.883,0.206,2.839,0.17,0.206
403,37,21.95,10,10,3.0,210,40.943,439.948,27.126,0.214,2.818,0.169,0.214
404,37,21.95,10,10,3.0,210,51.014,442.498,27.761,0.217,2.802,0.17,0.217
405,37,21.95,10,10,3.0,210,62.9,445.808,28.36,0.219,2.781,0.171,0.219
406,37,21.95,10,10,3.0,210,80.001,450.742,28.333,0.223,2.751,0.168,0.223
407,37,21.95,10,10,3.0,210,100.001,455.633,27.778,0.232,2.721,0.161,0.232
408,37,21.95,10,10,3.0,210,120.001,460.013,27.63,0.24,2.695,0.157,0.24
409,37,21.95,10,10,3.0,210,140.001,463.878,27.861,0.245,2.673,0.156,0.245
410,37,21.95,10,10,3.0,210,160.001,467.783,28.041,0.25,2.65,0.154,0.25
411,37,21.95,10,10,3.0,210,200.001,474.622,28.15,0.259,2.612,0.15,0.259
412,37,21.95,10,10,3.0,210,240.001,480.402,28.045,0.272,2.581,0.146,0.272
413,37,21.95,10,10,3.0,210,280.001,484.892,29.261,0.279,2.557,0.15,0.279
414,37,21.95,10,10,3.0,210,330.001,490.339,30.89,0.281,2.529,0.154,0.281
415,37,21.95,10,10,3.0,210,380.001,495.555,31.65,0.287,2.502,0.155,0.287
416,37,21.95,10,10,3.0,210,450.001,501.231,33.122,0.292,2.474,0.158,0.292
417,37,21.95,10,10,3.0,210,500.001,504.868,33.904,0.299,2.456,0.16,0.299
418,37,21.95,10,10,3.0,210,550.001,508.281,34.824,0.302,2.439,0.162,0.302
419,37,21.95,10,10,3.0,210,600.001,511.448,35.046,0.305,2.424,0.161,0.305
500,42,22.07,10,20,10.0,210,10.001,436.758,28.212,0.265,2.839,0.178,0.265
501,42,22.07,10,20,10.0,210,20.888,449.555,30.913,0.253,2.758,0.183,0.253
502,42,22.07,10,20,10.0,210,30.897,459.922,29.969,0.308,2.696,0.17,0.308
503,42,22.07,10,20,10.0,210,40.963,466.787,30.309,0.326,2.656,0.167,0.326
504,42,22.07,10,20,10.0,210,51.037,471.873,31.077,0.333,2.627,0.168,0.333
505,42,22.07,10,20,10.0,210,62.867,477.628,31.5,0.348,2.596,0.166,0.348
506,42,22.07,10,20,10.0,210,80.001,483.961,32.255,0.363,2.562,0.165,0.363
507,42,22.07,10,20,10.0,210,100.001,489.742,33.466,0.375,2.532,0.167,0.375
508,42,22.07,10,20,10.0,210,120.001,494.393,34.0,0.383,2.508,0.167,0.383
509,42,22.07,10,20,10.0,210,140.001,498.814,34.487,0.393,2.486,0.166,0.393
510,42,22.07,10,20,10.0,210,160.001,502.427,34.842,0.402,2.468,0.165,0.402
511,42,22.07,10,20,10.0,210,200.001,508.73,34.596,0.407,2.437,0.16,0.407
512,42,22.07,10,20,10.0,210,240.001,513.494,34.896,0.419,2.415,0.159,0.419
513,42,22.07,10,20,10.0,210,280.001,517.052,35.416,0.431,2.398,0.159,0.431
514,42,22.07,10,20,10.0,210,330.001,521.08,35.984,0.445,2.379,0.159,0.445
515,42,22.07,10,20,10.0,210,380.001,524.84,35.638,0.452,2.362,0.155,0.452
516,42,22.07,10,20,10.0,210,450.001,528.244,36.273,0.466,2.347,0.156,0.466
517,42,22.07,10,20,10.0,210,500.001,530.763,36.0,0.47,2.336,0.153,0.47
518,42,22.07,10,20,10.0,210,550.001,532.718,36.27,0.48,2.327,0.153,0.48
519,42,22.07,10,20,10.0,210,600.001,534.224,36.629,0.487,2.321,0.154,0.487
727,54,22.04,20,10,10.0,210,10.001,437.466,33.892,0.078,2.834,0.211,0.078
728,54,22.04,20,10,10.0,210,20.912,457.311,34.706,0.103,2.711,0.198,0.103
729,54,22.04,20,10,10.0,210,30.969,466.981,36.081,0.177,2.655,0.198,0.177
730,54,22.04,20,10,10.0,210,41.044,473.947,36.537,0.21,2.616,0.194,0.21
731,54,22.04,20,10,10.0,210,51.06,479.378,37.633,0.248,2.586,0.195,0.248
732,54,22.04,20,10,10.0,210,62.921,484.407,39.049,0.289,2.56,0.198,0.289
733,54,22.04,20,10,10.0,210,80.001,490.782,39.72,0.331,2.526,0.197,0.331
734,54,22.04,20,10,10.0,210,100.001,497.147,39.348,0.371,2.494,0.19,0.371
735,54,22.04,20,10,10.0,210,120.001,501.314,39.808,0.416,2.473,0.189,0.416
736,54,22.04,20,10,10.0,210,140.001,504.828,40.005,0.457,2.456,0.187,0.457
737,54,22.04,20,10,10.0,210,160.001,508.327,39.481,0.49,2.439,0.182,0.49
738,54,22.04,20,10,10.0,210,200.001,513.006,39.719,0.546,2.417,0.18,0.546
739,54,22.04,20,10,10.0,210,240.001,517.05,39.648,0.599,2.398,0.177,0.599
740,54,22.04,20,10,10.0,210,280.001,520.153,39.873,0.652,2.384,0.176,0.652
741,54,22.04,20,10,10.0,210,330.001,523.833,39.561,0.701,2.367,0.172,0.701
742,54,22.04,20,10,10.0,210,380.001,527.135,39.353,0.754,2.352,0.169,0.754
743,54,22.04,20,10,10.0,210,450.001,530.675,39.062,0.65,2.336,0.166,0.65
744,54,22.04,20,10,10.0,210,500.001,531.611,39.968,0.294,2.332,0.169,0.294
745,54,22.04,20,10,10.0,210,550.001,533.687,40.007,0.36,2.323,0.168,0.36
746,54,22.04,20,10,10.0,210,600.001,535.338,39.668,0.514,2.316,0.165,0.514
973,67,22.03,40,5,20.0,210,30.928,450.361,35.448,0.104,2.753,0.208,0.104
974,67,22.03,40,5,20.0,210,40.937,464.646,34.959,0.179,2.668,0.193,0.179
975,67,22.03,40,5,20.0,210,50.982,473.311,36.597,0.246,2.62,0.195,0.246
976,67,22.03,40,5,20.0,210,62.882,479.169,38.981,0.305,2.587,0.202,0.305
977,67,22.03,40,5,20.0,210,80.001,486.869,41.165,0.379,2.547,0.207,0.379
978,67,22.03,40,5,20.0,210,100.001,494.15,41.263,0.439,2.509,0.201,0.439
979,67,22.03,40,5,20.0,210,120.001,500.035,40.641,0.5,2.48,0.194,0.5
980,67,22.03,40,5,20.0,210,140.001,504.32,40.797,0.559,2.458,0.191,0.559
981,67,22.03,40,5,20.0,210,160.001,508.357,40.434,0.607,2.439,0.187,0.607
982,67,22.03,40,5,20.0,210,200.001,513.56,40.69,0.671,2.414,0.184,0.671
983,67,22.03,40,5,20.0,210,240.001,518.616,40.3,0.732,2.391,0.179,0.732
984,67,22.03,40,5,20.0,210,280.001,523.874,39.682,0.792,2.367,0.173,0.792
985,67,22.03,40,5,20.0,210,330.001,525.209,40.676,0.48,2.361,0.176,0.48
986,67,22.03,40,5,20.0,210,380.001,529.495,40.062,0.362,2.342,0.171,0.362
987,67,22.03,40,5,20.0,210,450.001,531.439,40.915,0.233,2.333,0.173,0.233
988,67,22.03,40,5,20.0,210,500.001,533.959,40.533,0.184,2.322,0.17,0.184
989,67,22.03,40,5,20.0,210,550.001,536.524,40.056,0.23,2.311,0.166,0.23
990,67,22.03,40,5,20.0,210,600.001,537.232,40.925,0.182,2.308,0.169,0.182
1298,95,22.01,5,10,3.0,240,10.001,422.244,29.246,0.195,2.936,0.197,0.195
1299,95,22.01,5,10,3.0,240,20.96,426.603,28.089,0.197,2.906,0.185,0.197
1300,95,22.01,5,10,3.0,240,31.12,428.534,28.108,0.202,2.893,0.184,0.202
1301,95,22.01,5,10,3.0,240,41.193,431.047,28.062,0.206,2.876,0.181,0.206
1302,95,22.01,5,10,3.0,240,51.191,433.184,27.834,0.209,2.862,0.178,0.209
1303,95,22.01,5,10,3.0,240,63.063,434.937,28.186,0.213,2.851,0.179,0.213
1304,95,22.01,5,10,3.0,240,80.001,437.233,28.596,0.216,2.836,0.18,0.216
1305,95,22.01,5,10,3.0,240,100.001,439.987,29.177,0.219,2.818,0.181,0.219
1306,95,22.01,5,10,3.0,240,120.001,442.706,29.323,0.222,2.801,0.18,0.222
1307,95,22.01,5,10,3.0,240,140.001,445.369,29.072,0.227,2.784,0.176,0.227
1308,95,22.01,5,10,3.0,240,160.001,447.849,28.677,0.231,2.768,0.172,0.231
1309,95,22.01,5,10,3.0,240,200.001,452.025,27.488,0.24,2.743,0.162,0.24
1310,95,22.01,5,10,3.0,240,240.001,454.737,27.914,0.258,2.727,0.162,0.258
1311,95,22.01,5,10,3.0,240,280.001,457.747,27.835,0.266,2.709,0.16,0.266
1312,95,22.01,5,10,3.0,240,330.001,460.897,28.17,0.272,2.69,0.16,0.272
1313,95,22.01,5,10,3.0,240,380.001,464.244,27.648,0.276,2.671,0.154,0.276
1314,95,22.01,5,10,3.0,240,450.001,467.768,27.677,0.281,2.651,0.152,0.281
1315,95,22.01,5,10,3.0,240,500.001,470.483,27.452,0.288,2.635,0.149,0.288
1316,95,22.01,5,10,3.0,240,550.001,472.676,27.325,0.294,2.623,0.147,0.294
1317,95,22.01,5,10,3.0,240,600.001,474.57,27.231,0.298,2.613,0.146,0.298
1358,98,22.02,5,10,40.0,240,10.001,446.744,28.298,0.128,2.775,0.17,0.128
1359,98,22.02,5,10,40.0,240,20.859,462.387,29.149,0.136,2.681,0.164,0.136
1360,98,22.02,5,10,40.0,240,30.923,471.198,30.922,0.146,2.631,0.167,0.146
1361,98,22.02,5,10,40.0,240,40.981,480.005,30.989,0.161,2.583,0.162,0.161
1362,98,22.02,5,10,40.0,240,51.005,485.296,31.508,0.164,2.555,0.161,0.164
1363,98,22.02,5,10,40.0,240,62.884,491.881,31.645,0.17,2.521,0.157,0.17
1364,98,22.02,5,10,40.0,240,80.001,498.562,32.449,0.178,2.487,0.157,0.178
1365,98,22.02,5,10,40.0,240,100.001,504.931,33.103,0.184,2.455,0.156,0.184
1366,98,22.02,5,10,40.0,240,120.001,510.486,32.962,0.189,2.429,0.152,0.189
1367,98,22.02,5,10,40.0,240,140.001,514.926,32.693,0.194,2.408,0.148,0.194
1368,98,22.02,5,10,40.0,240,160.001,518.376,32.93,0.198,2.392,0.147,0.198
1369,98,22.02,5,10,40.0,240,200.001,523.704,33.378,0.201,2.367,0.146,0.201
1370,98,22.02,5,10,40.0,240,240.001,528.389,33.282,0.206,2.346,0.143,0.206
1371,98,22.02,5,10,40.0,240,280.001,531.856,33.48,0.211,2.331,0.142,0.211
1372,98,22.02,5,10,40.0,240,330.001,535.226,33.658,0.215,2.316,0.141,0.215
1373,98,22.02,5,10,40.0,240,380.001,538.4,33.731,0.218,2.303,0.14,0.218
1374,98,22.02,5,10,40.0,240,450.001,541.612,33.702,0.222,2.289,0.138,0.222
1375,98,22.02,5,10,40.0,240,500.001,543.659,33.659,0.224,2.281,0.137,0.224
1376,98,22.02,5,10,40.0,240,550.001,545.299,33.598,0.226,2.274,0.136,0.226
1377,98,22.02,5,10,40.0,240,600.001,546.89,33.384,0.227,2.267,0.134,0.227
1378,99,21.97,5,20,3.0,240,10.001,437.086,27.682,0.338,2.837,0.174,0.338
1379,99,21.97,5,20,3.0,240,20.987,440.206,27.529,0.348,2.817,0.171,0.348
1380,99,21.97,5,20,3.0,240,31.059,441.371,27.638,0.354,2.809,0.171,0.354
1381,99,21.97,5,20,3.0,240,41.071,443.076,27.611,0.356,2.798,0.169,0.356
1382,99,21.97,5,20,3.0,240,51.143,444.378,27.485,0.358,2.79,0.167,0.358
1383,99,21.97,5,20,3.0,240,63.033,445.632,27.395,0.361,2.782,0.166,0.361
1384,99,21.97,5,20,3.0,240,80.001,447.126,27.39,0.365,2.773,0.165,0.365
1385,99,21.97,5,20,3.0,240,100.001,448.764,27.271,0.37,2.763,0.163,0.37
1386,99,21.97,5,20,3.0,240,120.001,450.382,27.137,0.373,2.753,0.161,0.373
1387,99,21.97,5,20,3.0,240,140.001,451.841,26.979,0.378,2.744,0.159,0.378
1388,99,21.97,5,20,3.0,240,160.001,453.139,26.772,0.383,2.736,0.157,0.383
1389,99,21.97,5,20,3.0,240,200.001,455.01,26.57,0.39,2.725,0.155,0.39
1390,99,21.97,5,20,3.0,240,240.001,456.981,26.303,0.396,2.713,0.152,0.396
1391,99,21.97,5,20,3.0,240,280.001,458.592,26.158,0.404,2.704,0.15,0.404
1392,99,21.97,5,20,3.0,240,330.001,460.217,26.146,0.41,2.694,0.149,0.41
1393,99,21.97,5,20,3.0,240,380.001,461.661,26.24,0.415,2.686,0.148,0.415
1394,99,21.97,5,20,3.0,240,450.001,463.35,26.336,0.419,2.676,0.148,0.419
1395,99,21.97,5,20,3.0,240,500.001,464.605,26.304,0.421,2.669,0.147,0.421
1396,99,21.97,5,20,3.0,240,550.001,465.661,26.265,0.423,2.663,0.146,0.423
1397,99,21.97,5,20,3.0,240,600.001,466.631,26.176,0.425,2.657,0.145,0.425
1517,106,21.85,5,40,40.0,240,10.001,450.434,29.713,0.343,2.753,0.176,0.343
1518,106,21.85,5,40,40.0,240,20.84,456.552,29.494,0.36,2.716,0.17,0.36
1519,106,21.85,5,40,40.0,240,30.899,461.19,28.648,0.387,2.688,0.162,0.387
1520,106,21.85,5,40,40.0,240,40.956,464.975,28.074,0.406,2.666,0.156,0.406
1521,106,21.85,5,40,40.0,240,50.964,467.26,27.934,0.415,2.653,0.154,0.415
1522,106,21.85,5,40,40.0,240,62.832,469.65,27.713,0.427,2.64,0.151,0.427
1523,106,21.85,5,40,40.0,240,80.001,472.04,27.657,0.437,2.627,0.15,0.437
1524,106,21.85,5,40,40.0,240,100.001,474.283,27.441,0.446,2.614,0.147,0.446
1525,106,21.85,5,40,40.0,240,120.001,475.955,27.337,0.453,2.605,0.145,0.453
1526,106,21.85,5,40,40.0,240,140.001,477.276,27.218,0.458,2.598,0.144,0.458
1527,106,21.85,5,40,40.0,240,160.001,478.411,27.11,0.462,2.592,0.143,0.462
1528,106,21.85,5,40,40.0,240,200.001,479.872,27.187,0.467,2.584,0.142,0.467
1529,106,21.85,5,40,40.0,240,240.001,481.39,27.159,0.471,2.576,0.141,0.471
1530,106,21.85,5,40,40.0,240,280.001,482.573,27.202,0.475,2.569,0.141,0.475
1531,106,21.85,5,40,40.0,240,330.001,483.844,27.157,0.477,2.562,0.14,0.477
1532,106,21.85,5,40,40.0,240,380.001,484.962,27.103,0.48,2.557,0.139,0.48
1533,106,21.85,5,40,40.0,240,450.001,486.223,27.128,0.481,2.55,0.138,0.481
1534,106,21.85,5,40,40.0,240,500.001,487.11,27.154,0.482,2.545,0.138,0.482
1535,106,21.85,5,40,40.0,240,550.001,487.929,27.173,0.481,2.541,0.138,0.481
1536,106,21.85,5,40,40.0,240,600.001,488.66,27.225,0.48,2.537,0.138,0.48
1656,113,21.86,10,10,20.0,240,10.001,455.494,27.921,0.155,2.722,0.162,0.155
1657,113,21.86,10,10,20.0,240,21.052,478.678,31.361,0.158,2.59,0.164,0.158
1658,113,21.86,10,10,20.0,240,31.072,488.66,36.64,0.174,2.537,0.183,0.174
1659,113,21.86,10,10,20.0,240,41.079,499.147,37.785,0.195,2.484,0.181,0.195
1660,113,21.86,10,10,20.0,240,51.144,506.576,38.588,0.204,2.447,0.18,0.204
1661,113,21.86,10,10,20.0,240,63.024,513.126,38.868,0.215,2.416,0.176,0.215
1662,113,21.86,10,10,20.0,240,80.001,519.987,39.504,0.229,2.384,0.175,0.229
1663,113,21.86,10,10,20.0,240,100.001,526.764,39.727,0.244,2.354,0.171,0.244
1664,113,21.86,10,10,20.0,240,120.001,531.946,39.644,0.262,2.331,0.167,0.262
1665,113,21.86,10,10,20.0,240,140.001,535.605,39.82,0.278,2.315,0.166,0.278
1666,113,21.86,10,10,20.0,240,160.001,538.568,39.95,0.29,2.302,0.165,0.29
1667,113,21.86,10,10,20.0,240,200.001,542.814,40.197,0.309,2.284,0.163,0.309
1668,113,21.86,10,10,20.0,240,240.001,546.064,40.475,0.326,2.271,0.162,0.326
1669,113,21.86,10,10,20.0,240,280.001,548.979,40.763,0.343,2.258,0.162,0.343
1670,113,21.86,10,10,20.0,240,330.002,551.292,41.343,0.358,2.249,0.163,0.358
1671,113,21.86,10,10,20.0,240,380.001,553.626,41.636,0.371,2.239,0.162,0.371
1672,113,21.86,10,10,20.0,240,450.001,556.043,41.917,0.382,2.23,0.162,0.382
1673,113,21.86,10,10,20.0,240,500.001,557.499,42.272,0.39,2.224,0.162,0.39
1674,113,21.86,10,10,20.0,240,550.001,558.585,42.605,0.396,2.22,0.163,0.396
1675,113,21.86,10,10,20.0,240,600.001,559.736,42.8,0.399,2.215,0.163,0.399
1856,123,22.1,20,5,3.0,240,50.922,458.163,39.953,0.05,2.706,0.226,0.05
1857,123,22.1,20,5,3.0,240,62.803,469.01,35.723,0.067,2.644,0.194,0.067
1858,123,22.1,20,5,3.0,240,80.001,476.939,35.393,0.091,2.6,0.186,0.091
1859,123,22.1,20,5,3.0,240,100.001,484.313,36.463,0.118,2.56,0.186,0.118
1860,123,22.1,20,5,3.0,240,120.001,490.66,35.964,0.141,2.527,0.179,0.141
1861,123,22.1,20,5,3.0,240,140.001,494.936,36.537,0.164,2.505,0.178,0.164
1862,123,22.1,20,5,3.0,240,160.001,498.123,37.72,0.185,2.489,0.182,0.185
1863,123,22.1,20,5,3.0,240,200.001,502.846,40.273,0.215,2.466,0.19,0.215
1864,123,22.1,20,5,3.0,240,240.001,507.15,41.892,0.244,2.445,0.194,0.244
1865,123,22.1,20,5,3.0,240,280.001,511.057,43.028,0.272,2.426,0.196,0.272
1866,123,22.1,20,5,3.0,240,330.001,514.245,44.942,0.302,2.411,0.202,0.302
1867,123,22.1,20,5,3.0,240,380.001,517.795,46.092,0.33,2.394,0.204,0.33
1868,123,22.1,20,5,3.0,240,450.001,521.823,47.101,0.362,2.376,0.205,0.362
1869,123,22.1,20,5,3.0,240,500.001,524.377,47.936,0.388,2.364,0.207,0.388
1870,123,22.1,20,5,3.0,240,550.001,527.871,46.842,0.404,2.349,0.2,0.404
1871,123,22.1,20,5,3.0,240,600.001,530.551,46.469,0.421,2.337,0.196,0.421
1950,128,22.02,20,10,10.0,240,10.001,461.915,31.194,0.139,2.684,0.175,0.139
1951,128,22.02,20,10,10.0,240,20.888,479.137,36.908,0.205,2.588,0.192,0.205
1952,128,22.02,20,10,10.0,240,30.908,487.073,41.109,0.276,2.545,0.206,0.276
1953,128,22.02,20,10,10.0,240,40.96,495.612,42.344,0.34,2.502,0.205,0.34
1954,128,22.02,20,10,10.0,240,51.028,500.394,43.941,0.381,2.478,0.208,0.381
1955,128,22.02,20,10,10.0,240,62.866,506.251,43.735,0.424,2.449,0.203,0.424
1956,128,22.02,20,10,10.0,240,80.001,513.155,43.938,0.476,2.416,0.198,0.476
1957,128,22.02,20,10,10.0,240,100.001,519.815,43.298,0.529,2.385,0.191,0.529
1958,128,22.02,20,10,10.0,240,120.001,525.129,42.468,0.58,2.361,0.184,0.58
1959,128,22.02,20,10,10.0,240,140.001,529.036,41.993,0.626,2.344,0.179,0.626
1960,128,22.02,20,10,10.0,240,160.001,531.391,42.7,0.679,2.333,0.18,0.679
1961,128,22.02,20,10,10.0,240,200.001,536.482,42.031,0.744,2.311,0.174,0.744
1962,128,22.02,20,10,10.0,240,240.001,540.603,41.499,0.67,2.293,0.17,0.67
1963,128,22.02,20,10,10.0,240,280.001,543.671,41.093,0.507,2.281,0.166,0.507
1964,128,22.02,20,10,10.0,240,330.001,546.454,41.429,0.655,2.269,0.166,0.655
1965,128,22.02,20,10,10.0,240,380.001,549.242,40.911,0.68,2.257,0.162,0.68
1966,128,22.02,20,10,10.0,240,450.001,551.615,41.008,0.342,2.248,0.161,0.342
1967,128,22.02,20,10,10.0,240,500.001,552.96,41.016,0.414,2.242,0.16,0.414
1968,128,22.02,20,10,10.0,240,550.001,554.441,41.017,0.6,2.236,0.16,0.6
1969,128,22.02,20,10,10.0,240,600.001,555.53,41.078,0.455,2.232,0.159,0.455
2467,166,22.03,5,5,10.002,270,10.001,445.137,29.904,0.096,2.785,0.181,0.096
2468,166,22.03,5,5,10.002,270,20.969,458.422,27.488,0.107,2.705,0.157,0.107
2469,166,22.03,5,5,10.002,270,31.031,465.476,28.577,0.111,2.664,0.159,0.111
2470,166,22.03,5,5,10.002,270,41.055,471.038,29.624,0.114,2.632,0.16,0.114
2471,166,22.03,5,5,10.002,270,51.112,477.274,29.477,0.118,2.598,0.156,0.118
2472,166,22.03,5,5,10.002,270,62.977,482.723,30.974,0.12,2.568,0.16,0.12
2473,166,22.03,5,5,10.002,270,80.001,489.618,31.851,0.12,2.532,0.16,0.12
2474,166,22.03,5,5,10.002,270,100.001,496.605,32.18,0.124,2.497,0.157,0.124
2475,166,22.03,5,5,10.002,270,120.001,501.974,33.567,0.127,2.47,0.16,0.127
2476,166,22.03,5,5,10.002,270,140.001,507.64,34.379,0.128,2.442,0.16,0.128
2477,166,22.03,5,5,10.002,270,160.001,512.664,34.271,0.132,2.418,0.156,0.132
2478,166,22.03,5,5,10.002,270,200.001,519.033,35.552,0.134,2.389,0.158,0.134
2479,166,22.03,5,5,10.002,270,240.001,525.202,36.252,0.137,2.361,0.158,0.137
2480,166,22.03,5,5,10.002,270,280.001,530.367,36.3,0.139,2.338,0.155,0.139
2481,166,22.03,5,5,10.002,270,330.001,535.399,36.366,0.142,2.316,0.152,0.142
2482,166,22.03,5,5,10.002,270,380.001,539.719,36.294,0.143,2.297,0.149,0.143
2483,166,22.03,5,5,10.002,270,450.001,544.722,35.57,0.142,2.276,0.144,0.142
2484,166,22.03,5,5,10.002,270,500.001,547.485,35.774,0.144,2.265,0.143,0.144
2485,166,22.03,5,5,10.002,270,550.001,550.418,34.883,0.144,2.253,0.138,0.144
2486,166,22.03,5,5,10.002,270,600.001,552.538,34.503,0.144,2.244,0.136,0.144
2547,171,21.95,5,5,40.0,270,10.001,460.611,29.341,0.085,2.692,0.166,0.085
2548,171,21.95,5,5,40.0,270,21.001,483.108,32.031,0.093,2.566,0.165,0.093
2549,171,21.95,5,5,40.0,270,31.07,494.569,34.405,0.094,2.507,0.169,0.094
2550,171,21.95,5,5,40.0,270,41.073,504.32,35.107,0.101,2.458,0.165,0.101
2551,171,21.95,5,5,40.0,270,51.123,512.855,35.076,0.106,2.418,0.16,0.106
2552,171,21.95,5,5,40.0,270,62.998,519.184,36.169,0.108,2.388,0.161,0.108
2553,171,21.95,5,5,40.0,270,80.001,526.387,37.358,0.111,2.355,0.161,0.111
2554,171,21.95,5,5,40.0,270,100.001,534.278,37.312,0.115,2.321,0.157,0.115
2555,171,21.95,5,5,40.0,270,120.001,541.543,35.756,0.119,2.289,0.146,0.119
2556,171,21.95,5,5,40.0,270,140.001,546.139,35.637,0.125,2.27,0.143,0.125
2557,171,21.95,5,5,40.0,270,160.001,549.898,35.433,0.129,2.255,0.141,0.129
2558,171,21.95,5,5,40.0,270,200.001,555.168,35.626,0.134,2.233,0.139,0.134
2559,171,21.95,5,5,40.0,270,240.001,559.517,35.281,0.139,2.216,0.135,0.139
2560,171,21.95,5,5,40.0,270,280.001,563.273,34.98,0.142,2.201,0.133,0.142
2561,171,21.95,5,5,40.0,270,330.001,566.177,35.222,0.147,2.19,0.132,0.147
2562,171,21.95,5,5,40.0,270,380.001,568.993,35.001,0.149,2.179,0.13,0.149
2563,171,21.95,5,5,40.0,270,450.001,571.67,35.12,0.151,2.169,0.129,0.151
2564,171,21.95,5,5,40.0,270,500.001,573.395,35.063,0.153,2.162,0.128,0.153
2565,171,21.95,5,5,40.0,270,550.001,574.96,34.66,0.153,2.156,0.126,0.153
2566,171,21.95,5,5,40.0,270,600.001,576.336,34.21,0.152,2.151,0.124,0.152
2567,173,21.89,5,5,3.0,270,10.001,416.189,29.674,0.101,2.979,0.205,0.101
2568,173,21.89,5,5,3.0,270,20.823,425.506,27.91,0.104,2.914,0.185,0.104
2569,173,21.89,5,5,3.0,270,30.895,430.042,27.668,0.109,2.883,0.18,0.109
2570,173,21.89,5,5,3.0,270,40.899,433.08,28.404,0.114,2.863,0.182,0.114
2571,173,21.89,5,5,3.0,270,50.95,436.392,29.346,0.115,2.841,0.185,0.115
2572,173,21.89,5,5,3.0,270,62.818,439.347,30.538,0.116,2.822,0.19,0.116
2573,173,21.89,5,5,3.0,270,80.001,444.068,30.76,0.117,2.792,0.187,0.117
2574,173,21.89,5,5,3.0,270,100.001,449.543,28.802,0.123,2.758,0.171,0.123
2575,173,21.89,5,5,3.0,270,120.001,454.047,26.713,0.13,2.731,0.156,0.13
2576,173,21.89,5,5,3.0,270,140.001,456.853,26.632,0.14,2.714,0.154,0.14
2577,173,21.89,5,5,3.0,270,160.001,459.364,26.993,0.146,2.699,0.154,0.146
2578,173,21.89,5,5,3.0,270,200.001,463.68,27.888,0.149,2.674,0.156,0.149
2579,173,21.89,5,5,3.0,270,240.001,468.331,27.895,0.153,2.647,0.153,0.153
2580,173,21.89,5,5,3.0,270,280.001,472.717,27.421,0.159,2.623,0.148,0.159
2581,173,21.89,5,5,3.0,270,330.001,476.789,27.246,0.163,2.6,0.144,0.163
2582,173,21.89,5,5,3.0,270,380.001,480.742,27.493,0.167,2.579,0.143,0.167
2583,173,21.89,5,5,3.0,270,450.001,485.19,27.739,0.168,2.555,0.142,0.168
2584,173,21.89,5,5,3.0,270,500.001,488.2,27.846,0.17,2.54,0.141,0.17
2585,173,21.89,5,5,3.0,270,550.001,490.821,27.59,0.172,2.526,0.138,0.172
2586,173,21.89,5,5,3.0,270,600.001,493.36,27.389,0.171,2.513,0.136,0.171
2667,178,22.05,5,10,10.002,270,10.001,450.959,28.233,0.173,2.749,0.167,0.173
2668,178,22.05,5,10,10.002,270,20.918,461.228,27.772,0.191,2.688,0.157,0.191
2669,178,22.05,5,10,10.002,270,31.126,467.477,28.044,0.202,2.652,0.154,0.202
2670,178,22.05,5,10,10.002,270,41.124,472.206,28.115,0.208,2.626,0.152,0.208
2671,178,22.05,5,10,10.002,270,51.176,477.073,28.081,0.217,2.599,0.149,0.217
2672,178,22.05,5,10,10.002,270,63.044,481.188,28.948,0.223,2.577,0.15,0.223
2673,178,22.05,5,10,10.002,270,80.001,486.611,29.184,0.222,2.548,0.148,0.222
2674,178,22.05,5,10,10.002,270,100.001,491.954,29.362,0.225,2.52,0.146,0.225
2675,178,22.05,5,10,10.002,270,120.001,496.51,29.426,0.231,2.497,0.144,0.231
2676,178,22.05,5,10,10.002,270,140.001,499.932,29.66,0.238,2.48,0.143,0.238
2677,178,22.05,5,10,10.002,270,160.001,503.364,29.711,0.241,2.463,0.141,0.241
2678,178,22.05,5,10,10.002,270,200.001,507.66,30.158,0.244,2.442,0.141,0.244
2679,178,22.05,5,10,10.002,270,240.001,512.092,30.114,0.249,2.421,0.138,0.249
2680,178,22.05,5,10,10.002,270,280.001,515.277,30.025,0.254,2.406,0.136,0.254
2681,178,22.05,5,10,10.002,270,330.001,518.193,30.164,0.258,2.393,0.135,0.258
2682,178,22.05,5,10,10.002,270,380.001,520.66,30.191,0.26,2.381,0.134,0.26
2683,178,22.05,5,10,10.002,270,450.001,523.286,30.113,0.261,2.369,0.133,0.261
2684,178,22.05,5,10,10.002,270,500.001,525.078,29.953,0.261,2.361,0.131,0.261
2685,178,22.05,5,10,10.002,270,550.001,526.4,29.922,0.261,2.355,0.13,0.261
2686,178,22.05,5,10,10.002,270,600.001,527.476,29.874,0.261,2.351,0.129,0.261
2727,181,21.92,5,20,3.0,270,10.001,443.699,29.47,0.327,2.794,0.18,0.327
2728,181,21.92,5,20,3.0,270,21.027,447.486,29.091,0.337,2.771,0.174,0.337
2729,181,21.92,5,20,3.0,270,31.021,450.154,28.688,0.346,2.754,0.17,0.346
2730,181,21.92,5,20,3.0,270,41.103,451.972,28.191,0.36,2.743,0.166,0.36
2731,181,21.92,5,20,3.0,270,51.098,454.306,27.299,0.362,2.729,0.159,0.362
2732,181,21.92,5,20,3.0,270,62.958,456.058,26.811,0.37,2.719,0.155,0.37
2733,181,21.92,5,20,3.0,270,80.001,457.766,26.605,0.38,2.708,0.153,0.38
2734,181,21.92,5,20,3.0,270,100.001,459.493,26.501,0.388,2.698,0.151,0.388
2735,181,21.92,5,20,3.0,270,120.001,461.052,26.538,0.394,2.689,0.15,0.394
2736,181,21.92,5,20,3.0,270,140.001,462.411,26.681,0.398,2.681,0.15,0.398
2737,181,21.92,5,20,3.0,270,160.001,463.677,26.757,0.402,2.674,0.15,0.402
2738,181,21.92,5,20,3.0,270,200.001,465.562,26.974,0.404,2.663,0.15,0.404
2739,181,21.92,5,20,3.0,270,240.001,467.523,26.949,0.406,2.652,0.149,0.406
2740,181,21.92,5,20,3.0,270,280.001,469.286,26.817,0.409,2.642,0.147,0.409
2741,181,21.92,5,20,3.0,270,330.001,471.047,26.67,0.41,2.632,0.145,0.41
2742,181,21.92,5,20,3.0,270,380.001,472.598,26.483,0.413,2.623,0.143,0.413
2743,181,21.92,5,20,3.0,270,450.001,474.373,26.256,0.411,2.614,0.141,0.411
2744,181,21.92,5,20,3.0,270,500.001,475.553,26.196,0.411,2.607,0.14,0.411
2745,181,21.92,5,20,3.0,270,550.001,476.539,26.223,0.409,2.602,0.139,0.409
2746,181,21.92,5,20,3.0,270,600.001,477.29,26.265,0.408,2.598,0.139,0.408
2767,183,22.04,5,20,19.998,270,10.001,461.288,28.284,0.277,2.688,0.16,0.277
2768,183,22.04,5,20,19.998,270,25.253,472.653,27.922,0.3,2.623,0.151,0.3
2769,183,22.04,5,20,19.998,270,35.442,476.298,27.38,0.32,2.603,0.145,0.32
2770,183,22.04,5,20,19.998,270,45.453,479.668,27.031,0.336,2.585,0.142,0.336
2771,183,22.04,5,20,19.998,270,57.335,482.783,26.821,0.343,2.568,0.139,0.343
2772,183,22.04,5,20,19.998,270,69.216,484.784,26.743,0.35,2.558,0.137,0.35
2773,183,22.04,5,20,19.998,270,81.095,486.869,26.619,0.355,2.547,0.136,0.355
2774,183,22.04,5,20,19.998,270,100.001,489.361,26.486,0.362,2.534,0.134,0.362
2775,183,22.04,5,20,19.998,270,120.001,491.557,26.315,0.368,2.522,0.132,0.368
2776,183,22.04,5,20,19.998,270,140.001,493.435,26.114,0.375,2.513,0.13,0.375
2777,183,22.04,5,20,19.998,270,160.001,495.074,25.95,0.38,2.504,0.128,0.38
2778,183,22.04,5,20,19.998,270,200.001,497.159,25.995,0.384,2.494,0.127,0.384
2779,183,22.04,5,20,19.998,270,240.001,498.925,26.032,0.388,2.485,0.126,0.388
2780,183,22.04,5,20,19.998,270,280.001,500.533,25.974,0.391,2.477,0.125,0.391
2781,183,22.04,5,20,19.998,270,330.001,501.9,25.955,0.393,2.47,0.125,0.393
2782,183,22.04,5,20,19.998,270,380.001,503.239,25.842,0.392,2.464,0.123,0.392
2783,183,22.04,5,20,19.998,270,450.001,504.579,25.749,0.391,2.457,0.122,0.391
2784,183,22.04,5,20,19.998,270,500.001,505.534,25.572,0.389,2.453,0.121,0.389
2785,183,22.04,5,20,19.998,270,550.001,506.259,25.507,0.387,2.449,0.12,0.387
2786,183,22.04,5,20,19.998,270,600.001,506.952,25.506,0.382,2.446,0.12,0.382
2807,185,21.94,5,40,3.0,270,10.001,454.596,29.655,0.401,2.727,0.172,0.401
2808,185,21.94,5,40,3.0,270,20.831,457.668,29.125,0.419,2.709,0.167,0.419
2809,185,21.94,5,40,3.0,270,30.842,458.749,28.991,0.428,2.703,0.166,0.428
2810,185,21.94,5,40,3.0,270,40.902,459.603,28.981,0.435,2.698,0.165,0.435
2811,185,21.94,5,40,3.0,270,50.958,460.248,28.924,0.433,2.694,0.164,0.433
2812,185,21.94,5,40,3.0,270,62.809,460.75,28.866,0.433,2.691,0.163,0.433
2813,185,21.94,5,40,3.0,270,80.001,461.18,28.884,0.434,2.688,0.163,0.434
2814,185,21.94,5,40,3.0,270,100.001,461.585,28.948,0.435,2.686,0.163,0.435
2815,185,21.94,5,40,3.0,270,120.001,461.966,28.939,0.434,2.684,0.163,0.434
2816,185,21.94,5,40,3.0,270,140.001,462.242,28.962,0.434,2.682,0.163,0.434
2817,185,21.94,5,40,3.0,270,160.001,462.562,28.971,0.431,2.68,0.163,0.431
2818,185,21.94,5,40,3.0,270,200.001,462.894,29.0,0.431,2.678,0.163,0.431
2819,185,21.94,5,40,3.0,270,240.001,463.342,29.096,0.426,2.676,0.163,0.426
2820,185,21.94,5,40,3.0,270,280.001,463.719,29.142,0.424,2.674,0.163,0.424
2821,185,21.94,5,40,3.0,270,330.001,464.074,29.252,0.42,2.672,0.163,0.42
2822,185,21.94,5,40,3.0,270,380.001,464.439,29.292,0.415,2.67,0.163,0.415
2823,185,21.94,5,40,3.0,270,450.001,464.864,29.42,0.408,2.667,0.164,0.408
2824,185,21.94,5,40,3.0,270,500.001,465.208,29.481,0.402,2.665,0.164,0.402
2825,185,21.94,5,40,3.0,270,550.001,465.504,29.552,0.395,2.663,0.164,0.395
2826,185,21.94,5,40,3.0,270,600.001,465.734,29.629,0.391,2.662,0.164,0.391
2998,195,21.94,10,10,20.0,270,10.001,479.422,30.888,0.194,2.586,0.161,0.194
2999,195,21.94,10,10,20.0,270,20.889,501.49,35.711,0.204,2.472,0.17,0.204
3000,195,21.94,10,10,20.0,270,30.932,510.142,38.863,0.215,2.43,0.178,0.215
3001,195,21.94,10,10,20.0,270,40.972,519.689,38.444,0.243,2.386,0.17,0.243
3002,195,21.94,10,10,20.0,270,51.035,526.254,37.993,0.258,2.356,0.164,0.258
3003,195,21.94,10,10,20.0,270,62.894,530.873,38.507,0.273,2.335,0.163,0.273
3004,195,21.94,10,10,20.0,270,80.001,536.968,38.182,0.293,2.309,0.159,0.293
3005,195,21.94,10,10,20.0,270,100.001,542.397,37.273,0.31,2.286,0.152,0.31
3006,195,21.94,10,10,20.0,270,120.001,545.744,38.18,0.336,2.272,0.154,0.336
3007,195,21.94,10,10,20.0,270,140.001,549.822,36.647,0.347,2.255,0.145,0.347
3008,195,21.94,10,10,20.0,270,160.001,552.299,36.541,0.363,2.245,0.144,0.363
3009,195,21.94,10,10,20.0,270,200.001,555.479,36.846,0.383,2.232,0.143,0.383
3010,195,21.94,10,10,20.0,270,240.001,558.604,36.246,0.393,2.22,0.139,0.393
3011,195,21.94,10,10,20.0,270,280.001,560.874,36.007,0.405,2.211,0.137,0.405
3012,195,21.94,10,10,20.0,270,330.001,562.454,36.277,0.42,2.204,0.138,0.42
3013,195,21.94,10,10,20.0,270,380.001,563.778,36.348,0.43,2.199,0.137,0.43
3014,195,21.94,10,10,20.0,270,450.001,566.089,35.295,0.423,2.19,0.132,0.423
3015,195,21.94,10,10,20.0,270,500.001,567.131,35.075,0.424,2.186,0.131,0.424
3016,195,21.94,10,10,20.0,270,550.001,567.773,35.202,0.422,2.184,0.131,0.422
3017,195,21.94,10,10,20.0,270,600.001,568.497,34.942,0.419,2.181,0.13,0.419
3018,196,21.94,10,10,40.0,270,10.001,485.342,31.653,0.185,2.555,0.161,0.185
3019,196,21.94,10,10,40.0,270,20.938,507.35,35.938,0.208,2.444,0.167,0.208
3020,196,21.94,10,10,40.0,270,30.947,516.396,37.892,0.23,2.401,0.17,0.23
3021,196,21.94,10,10,40.0,270,41.008,524.446,38.027,0.258,2.364,0.165,0.258
3022,196,21.94,10,10,40.0,270,51.066,530.681,37.751,0.277,2.336,0.16,0.277
3023,196,21.94,10,10,40.0,270,62.95,536.292,37.624,0.305,2.312,0.157,0.305
3024,196,21.94,10,10,40.0,270,80.001,542.057,37.337,0.324,2.287,0.152,0.324
3025,196,21.94,10,10,40.0,270,100.001,547.207,37.354,0.351,2.266,0.15,0.351
3026,196,21.94,10,10,40.0,270,120.001,551.491,36.922,0.37,2.248,0.146,0.37
3027,196,21.94,10,10,40.0,270,140.001,554.532,36.603,0.383,2.236,0.143,0.383
3028,196,21.94,10,10,40.0,270,160.001,557.018,35.972,0.392,2.226,0.139,0.392
3029,196,21.94,10,10,40.0,270,200.001,560.822,35.483,0.404,2.211,0.136,0.404
3030,196,21.94,10,10,40.0,270,240.002,563.266,35.555,0.419,2.201,0.135,0.419
3031,196,21.94,10,10,40.0,270,280.001,565.596,34.96,0.426,2.192,0.131,0.426
3032,196,21.94,10,10,40.0,270,330.001,567.492,34.645,0.433,2.185,0.129,0.433
3033,196,21.94,10,10,40.0,270,380.001,568.775,34.469,0.438,2.18,0.128,0.438
3034,196,21.94,10,10,40.0,270,450.001,570.397,34.266,0.439,2.174,0.127,0.439
3035,196,21.94,10,10,40.0,270,500.001,571.299,34.233,0.44,2.17,0.126,0.44
3036,196,21.94,10,10,40.0,270,550.001,571.938,34.294,0.439,2.168,0.126,0.439
3037,196,21.94,10,10,40.0,270,600.001,572.726,33.959,0.434,2.165,0.125,0.434
3437,217,21.97,20,40,3.0,270,10.001,471.876,30.004,0.689,2.627,0.162,0.689
3438,217,21.97,20,40,3.0,270,20.821,496.255,33.988,0.72,2.498,0.165,0.72
3439,217,21.97,20,40,3.0,270,30.877,507.391,37.449,0.777,2.444,0.174,0.777
3440,217,21.97,20,40,3.0,270,40.93,515.098,37.644,0.811,2.407,0.17,0.811
3441,217,21.97,20,40,3.0,270,51.001,521.845,37.831,0.883,2.376,0.166,0.883
3442,217,21.97,20,40,3.0,270,62.823,529.459,36.055,0.938,2.342,0.154,0.938
3443,217,21.97,20,40,3.0,270,80.001,534.006,35.952,0.92,2.322,0.151,0.92
3444,217,21.97,20,40,3.0,270,100.001,538.667,35.746,0.706,2.302,0.148,0.706
3445,217,21.97,20,40,3.0,270,120.001,541.378,36.67,0.939,2.29,0.15,0.939
3446,217,21.97,20,40,3.0,270,140.001,544.594,35.659,0.392,2.277,0.144,0.392
3447,217,21.97,20,40,3.0,270,160.001,546.705,35.519,0.645,2.268,0.143,0.645
3448,217,21.97,20,40,3.0,270,200.001,549.793,35.273,0.652,2.255,0.14,0.652
3449,217,21.97,20,40,3.0,270,240.001,551.7,35.162,0.568,2.247,0.139,0.568
3450,217,21.97,20,40,3.0,270,280.001,553.361,35.113,0.523,2.241,0.138,0.523
3451,217,21.97,20,40,3.0,270,330.001,554.861,34.795,0.553,2.235,0.136,0.553
3452,217,21.97,20,40,3.0,270,380.001,555.942,34.93,0.798,2.23,0.136,0.798
3453,217,21.97,20,40,3.0,270,450.001,557.183,34.399,0.487,2.225,0.133,0.487
3454,217,21.97,20,40,3.0,270,500.001,557.706,34.377,0.604,2.223,0.133,0.604
3455,217,21.97,20,40,3.0,270,550.001,558.061,34.599,0.583,2.222,0.134,0.583
3456,217,21.97,20,40,3.0,270,600.001,558.458,34.478,0.508,2.22,0.133,0.508
3697,231,21.97,40,20,20.0,270,42.747,530.205,42.973,0.949,2.338,0.182,0.949
3698,231,21.97,40,20,20.0,270,53.641,533.567,43.108,0.36,2.324,0.18,0.36
3699,231,21.97,40,20,20.0,270,66.051,538.366,43.563,0.388,2.303,0.179,0.388
3700,231,21.97,40,20,20.0,270,80.001,539.911,44.102,0.291,2.296,0.18,0.291
3701,231,21.97,40,20,20.0,270,100.001,544.757,44.398,0.609,2.276,0.178,0.609
3702,231,21.97,40,20,20.0,270,120.001,546.125,43.411,0.207,2.27,0.174,0.207
3703,231,21.97,40,20,20.0,270,140.001,549.942,44.853,1.027,2.254,0.177,1.027
3704,231,21.97,40,20,20.0,270,160.001,553.351,39.892,0.105,2.241,0.156,0.105
3705,231,21.97,40,20,20.0,270,200.001,554.521,43.862,0.57,2.236,0.17,0.57
3706,231,21.97,40,20,20.0,270,240.001,556.649,43.661,0.694,2.227,0.168,0.694
3707,231,21.97,40,20,20.0,270,280.001,557.756,43.549,1.085,2.223,0.167,1.085
3708,231,21.97,40,20,20.0,270,330.001,558.355,40.508,0.025,2.221,0.155,0.025
3709,231,21.97,40,20,20.0,270,380.001,559.518,42.505,0.575,2.216,0.162,0.575
3710,231,21.97,40,20,20.0,270,500.001,561.081,40.549,0.026,2.21,0.154,0.026
3711,231,21.97,40,20,20.0,270,550.001,561.472,41.668,0.407,2.208,0.158,0.407
3712,231,21.97,40,20,20.0,270,600.001,561.821,43.341,0.927,2.207,0.164,0.927
3887,252,21.87,5,10,10.002,300,10.001,462.923,28.355,0.218,2.678,0.159,0.218
3888,252,21.87,5,10,10.002,300,20.986,478.826,28.171,0.243,2.589,0.148,0.243
3889,252,21.87,5,10,10.002,300,30.998,489.205,28.074,0.258,2.534,0.141,0.258
3890,252,21.87,5,10,10.002,300,41.066,495.102,29.238,0.259,2.504,0.144,0.259
3891,252,21.87,5,10,10.002,300,51.138,501.886,29.52,0.277,2.47,0.141,0.277
3892,252,21.87,5,10,10.002,300,62.945,508.36,29.003,0.288,2.439,0.135,0.288
3893,252,21.87,5,10,10.002,300,80.001,514.81,29.135,0.294,2.408,0.133,0.294
3894,252,21.87,5,10,10.002,300,100.001,519.109,30.066,0.291,2.388,0.134,0.291
3895,252,21.87,5,10,10.002,300,120.001,524.097,29.891,0.3,2.366,0.131,0.3
3896,252,21.87,5,10,10.002,300,140.001,527.802,29.538,0.307,2.349,0.128,0.307
3897,252,21.87,5,10,10.002,300,160.001,530.695,29.377,0.314,2.336,0.126,0.314
3898,252,21.87,5,10,10.002,300,200.001,533.881,29.807,0.315,2.322,0.126,0.315
3899,252,21.87,5,10,10.002,300,240.001,536.991,29.762,0.317,2.309,0.125,0.317
3900,252,21.87,5,10,10.002,300,280.001,539.369,29.559,0.319,2.299,0.123,0.319
3901,252,21.87,5,10,10.002,300,330.001,541.305,29.336,0.322,2.29,0.121,0.322
3902,252,21.87,5,10,10.002,300,380.001,543.187,28.76,0.319,2.283,0.118,0.319
3903,252,21.87,5,10,10.002,300,450.001,544.582,28.809,0.317,2.277,0.117,0.317
3904,252,21.87,5,10,10.002,300,500.001,545.629,28.644,0.312,2.272,0.116,0.312
3905,252,21.87,5,10,10.002,300,550.001,546.383,28.631,0.306,2.269,0.116,0.306
3906,252,21.87,5,10,10.002,300,600.001,547.021,28.494,0.298,2.267,0.115,0.298
3907,253,21.96,5,10,19.998,300,10.001,475.798,27.282,0.21,2.606,0.145,0.21
3908,253,21.96,5,10,19.998,300,20.923,494.99,28.777,0.222,2.505,0.142,0.222
3909,253,21.96,5,10,19.998,300,30.986,505.911,29.91,0.242,2.451,0.141,0.242
3910,253,21.96,5,10,19.998,300,41.042,512.99,30.751,0.252,2.417,0.141,0.252
3911,253,21.96,5,10,19.998,300,51.112,519.48,31.167,0.264,2.387,0.139,0.264
3912,253,21.96,5,10,19.998,300,62.922,525.495,31.608,0.271,2.359,0.138,0.271
3913,253,21.96,5,10,19.998,300,80.001,530.135,32.88,0.268,2.339,0.141,0.268
3914,253,21.96,5,10,19.998,300,100.001,535.749,33.238,0.272,2.314,0.139,0.272
3915,253,21.96,5,10,19.998,300,120.001,540.284,32.7,0.277,2.295,0.135,0.277
3916,253,21.96,5,10,19.998,300,140.001,543.603,31.955,0.283,2.281,0.13,0.283
3917,253,21.96,5,10,19.998,300,160.001,546.138,31.717,0.288,2.27,0.128,0.288
3918,253,21.96,5,10,19.998,300,200.001,549.166,31.367,0.292,2.258,0.125,0.292
3919,253,21.96,5,10,19.998,300,240.001,551.512,31.208,0.295,2.248,0.124,0.295
3920,253,21.96,5,10,19.998,300,280.001,553.59,30.482,0.296,2.24,0.12,0.296
3921,253,21.96,5,10,19.998,300,330.001,554.897,30.544,0.297,2.234,0.12,0.297
3922,253,21.96,5,10,19.998,300,380.001,556.072,30.319,0.296,2.23,0.118,0.296
3923,253,21.96,5,10,19.998,300,450.001,557.196,30.052,0.293,2.225,0.117,0.293
3924,253,21.96,5,10,19.998,300,500.001,557.843,30.037,0.287,2.223,0.117,0.287
3925,253,21.96,5,10,19.998,300,550.001,558.517,29.753,0.281,2.22,0.115,0.281
3926,253,21.96,5,10,19.998,300,600.001,558.862,29.793,0.275,2.219,0.115,0.275
4063,261,21.81,5,40,19.998,300,10.001,467.681,30.959,0.423,2.651,0.17,0.423
4064,261,21.81,5,40,19.998,300,21.221,473.924,30.212,0.446,2.616,0.162,0.446
4065,261,21.81,5,40,19.998,300,31.296,476.98,30.054,0.459,2.599,0.159,0.459
4066,261,21.81,5,40,19.998,300,41.389,478.924,29.813,0.469,2.589,0.156,0.469
4067,261,21.81,5,40,19.998,300,51.415,480.797,29.406,0.479,2.579,0.153,0.479
4068,261,21.81,5,40,19.998,300,63.284,482.666,28.941,0.483,2.569,0.15,0.483
4069,261,21.81,5,40,19.998,300,80.001,484.453,28.645,0.485,2.559,0.147,0.485
4070,261,21.81,5,40,19.998,300,120.001,487.358,28.439,0.495,2.544,0.144,0.495
4071,261,21.81,5,40,19.998,300,140.001,488.537,28.499,0.496,2.538,0.144,0.496
4072,261,21.81,5,40,19.998,300,160.001,489.484,28.735,0.498,2.533,0.144,0.498
4073,261,21.81,5,40,19.998,300,200.001,490.689,30.258,0.485,2.527,0.151,0.485
4074,261,21.81,5,40,19.998,300,240.001,490.628,36.786,0.444,2.527,0.183,0.444
4075,261,21.81,5,40,19.998,300,280.001,488.195,65.736,0.298,2.54,0.32,0.298
4076,261,21.81,5,40,19.998,300,330.001,508.407,73.164,0.221,2.439,0.327,0.221
4077,261,21.81,5,40,19.998,300,600.001,621.784,59.983,0.075,1.994,0.184,0.075
4114,264,21.87,10,5,10.0,300,10.001,488.062,34.599,0.103,2.54,0.174,0.103
4115,264,21.87,10,5,10.0,300,21.45,506.352,38.716,0.128,2.449,0.18,0.128
4116,264,21.87,10,5,10.0,300,31.568,514.54,40.799,0.154,2.41,0.184,0.154
4117,264,21.87,10,5,10.0,300,41.652,518.322,43.064,0.169,2.392,0.191,0.169
4118,264,21.87,10,5,10.0,300,51.674,523.06,44.098,0.189,2.37,0.192,0.189
4119,264,21.87,10,5,10.0,300,63.507,527.544,45.082,0.209,2.35,0.193,0.209
4120,264,21.87,10,5,10.0,300,80.001,531.629,46.455,0.229,2.332,0.195,0.229
4121,264,21.87,10,5,10.0,300,100.001,534.885,47.93,0.249,2.318,0.199,0.249
4122,264,21.87,10,5,10.0,300,120.001,538.135,49.166,0.269,2.304,0.201,0.269
4123,264,21.87,10,5,10.0,300,140.001,543.58,46.265,0.276,2.281,0.186,0.276
4124,264,21.87,10,5,10.0,300,160.001,544.609,48.686,0.296,2.277,0.195,0.296
4125,264,21.87,10,5,10.0,300,200.001,551.306,45.005,0.3,2.249,0.176,0.3
4126,264,21.87,10,5,10.0,300,240.001,551.052,49.491,0.324,2.25,0.193,0.324
4127,264,21.87,10,5,10.0,300,280.001,560.847,40.376,0.303,2.211,0.154,0.303
4128,264,21.87,10,5,10.0,300,330.001,563.653,39.914,0.313,2.2,0.15,0.313
4129,264,21.87,10,5,10.0,300,380.001,566.339,38.889,0.316,2.189,0.145,0.316
4130,264,21.87,10,5,10.0,300,450.001,569.135,37.592,0.313,2.178,0.139,0.313
4131,264,21.87,10,5,10.0,300,500.001,570.368,37.536,0.313,2.174,0.138,0.313
4132,264,21.87,10,5,10.0,300,550.001,571.315,37.521,0.312,2.17,0.138,0.312
4133,264,21.87,10,5,10.0,300,600.001,570.471,39.528,0.318,2.173,0.146,0.318
4254,271,21.92,10,20,3.0,300,10.001,459.487,27.63,0.468,2.698,0.158,0.468
4255,271,21.92,10,20,3.0,300,21.364,479.843,27.018,0.539,2.584,0.142,0.539
4256,271,21.92,10,20,3.0,300,31.519,489.971,28.591,0.558,2.53,0.143,0.558
4257,271,21.92,10,20,3.0,300,41.778,498.406,28.478,0.612,2.488,0.138,0.612
4258,271,21.92,10,20,3.0,300,52.006,505.381,28.064,0.654,2.453,0.133,0.654
4259,271,21.92,10,20,3.0,300,63.87,510.133,28.391,0.669,2.43,0.132,0.669
4260,271,21.92,10,20,3.0,300,80.001,515.765,28.636,0.683,2.404,0.13,0.683
4261,271,21.92,10,20,3.0,300,100.001,520.425,28.947,0.691,2.382,0.129,0.691
4262,271,21.92,10,20,3.0,300,120.001,524.006,28.912,0.706,2.366,0.127,0.706
4263,271,21.92,10,20,3.0,300,140.001,526.332,28.853,0.722,2.356,0.126,0.722
4264,271,21.92,10,20,3.0,300,160.001,528.735,28.719,0.73,2.345,0.124,0.73
4265,271,21.92,10,20,3.0,300,200.001,532.088,28.696,0.734,2.33,0.122,0.734
4266,271,21.92,10,20,3.0,300,240.001,533.649,28.854,0.735,2.323,0.122,0.735
4267,271,21.92,10,20,3.0,300,280.001,534.917,28.928,0.734,2.318,0.122,0.734
4268,271,21.92,10,20,3.0,300,330.001,536.409,28.891,0.731,2.311,0.121,0.731
4269,271,21.92,10,20,3.0,300,380.001,537.387,28.873,0.731,2.307,0.121,0.731
4270,271,21.92,10,20,3.0,300,450.001,538.745,28.862,0.715,2.301,0.12,0.715
4271,271,21.92,10,20,3.0,300,500.001,539.339,28.867,0.707,2.299,0.12,0.707
4272,271,21.92,10,20,3.0,300,550.001,540.089,28.857,0.685,2.296,0.119,0.685
4273,271,21.92,10,20,3.0,300,600.001,540.617,28.868,0.663,2.293,0.119,0.663
4487,283,21.98,20,10,3.0,300,10.001,481.167,38.006,0.181,2.577,0.196,0.181
4488,283,21.98,20,10,3.0,300,21.361,498.269,39.736,0.317,2.488,0.191,0.317
4489,283,21.98,20,10,3.0,300,31.506,505.635,41.52,0.399,2.452,0.193,0.399
4490,283,21.98,20,10,3.0,300,41.556,510.552,42.31,0.463,2.428,0.193,0.463
4491,283,21.98,20,10,3.0,300,51.585,514.817,43.199,0.536,2.408,0.194,0.536
4492,283,21.98,20,10,3.0,300,63.424,519.244,44.217,0.607,2.388,0.195,0.607
4493,283,21.98,20,10,3.0,300,80.001,524.046,45.007,0.673,2.366,0.195,0.673
4494,283,21.98,20,10,3.0,300,100.001,528.427,45.646,0.734,2.346,0.194,0.734
4495,283,21.98,20,10,3.0,300,120.001,534.116,45.763,0.813,2.321,0.191,0.813
4496,283,21.98,20,10,3.0,300,140.001,536.589,45.902,0.785,2.311,0.19,0.785
4497,283,21.98,20,10,3.0,300,160.001,539.622,45.933,0.669,2.298,0.188,0.669
4498,283,21.98,20,10,3.0,300,200.001,545.551,44.896,0.568,2.273,0.18,0.568
4499,283,21.98,20,10,3.0,300,240.001,551.14,42.286,0.495,2.25,0.166,0.495
4500,283,21.98,20,10,3.0,300,280.001,556.296,37.63,0.196,2.229,0.146,0.196
4501,283,21.98,20,10,3.0,300,330.001,555.429,42.93,0.652,2.232,0.166,0.652
4502,283,21.98,20,10,3.0,300,380.001,562.602,36.163,0.478,2.204,0.137,0.478
4503,283,21.98,20,10,3.0,300,450.001,562.893,37.036,0.28,2.203,0.14,0.28
4504,283,21.98,20,10,3.0,300,500.001,565.057,35.443,0.279,2.194,0.133,0.279
4505,283,21.98,20,10,3.0,300,550.001,565.344,35.657,0.19,2.193,0.134,0.19
4506,283,21.98,20,10,3.0,300,600.001,568.324,33.533,0.593,2.182,0.125,0.593
4507,284,22.02,20,10,10.0,300,10.001,494.69,37.858,0.359,2.506,0.185,0.359
4508,284,22.02,20,10,10.0,300,21.425,511.322,41.759,0.535,2.425,0.19,0.535
4509,284,22.02,20,10,10.0,300,31.456,519.648,43.077,0.658,2.386,0.19,0.658
4510,284,22.02,20,10,10.0,300,41.484,524.441,44.032,0.732,2.364,0.19,0.732
4511,284,22.02,20,10,10.0,300,51.749,531.023,44.315,0.841,2.335,0.187,0.841
4512,284,22.02,20,10,10.0,300,64.25,535.391,44.258,0.734,2.316,0.184,0.734
4513,284,22.02,20,10,10.0,300,80.001,539.761,45.051,0.652,2.297,0.184,0.652
4514,284,22.02,20,10,10.0,300,100.001,548.124,39.163,0.596,2.262,0.156,0.596
4515,284,22.02,20,10,10.0,300,120.001,554.594,33.027,0.18,2.236,0.129,0.18
4516,284,22.02,20,10,10.0,300,140.001,555.317,36.585,0.443,2.233,0.142,0.443
4517,284,22.02,20,10,10.0,300,160.001,559.064,34.101,0.284,2.218,0.131,0.284
4518,284,22.02,20,10,10.0,300,200.001,564.566,30.329,0.285,2.196,0.115,0.285
4519,284,22.02,20,10,10.0,300,240.001,564.207,31.93,0.227,2.197,0.121,0.227
4520,284,22.02,20,10,10.0,300,280.001,565.089,32.513,0.233,2.194,0.123,0.233
4521,284,22.02,20,10,10.0,300,330.001,565.941,32.711,0.219,2.191,0.123,0.219
4522,284,22.02,20,10,10.0,300,380.001,566.384,33.381,0.23,2.189,0.125,0.23
4523,284,22.02,20,10,10.0,300,450.001,567.542,32.77,0.196,2.185,0.123,0.196
4524,284,22.02,20,10,10.0,300,500.001,568.324,33.226,0.27,2.182,0.124,0.27
4525,284,22.02,20,10,10.0,300,550.001,569.133,32.186,0.258,2.178,0.12,0.258
4526,284,22.02,20,10,10.0,300,600.001,568.975,32.54,0.222,2.179,0.121,0.222
4547,286,22.0,20,10,40.0,300,10.001,502.381,38.37,0.603,2.468,0.182,0.603
4548,286,22.0,20,10,40.0,300,21.302,522.611,39.557,0.813,2.372,0.173,0.813
4549,286,22.0,20,10,40.0,300,31.567,533.503,39.734,0.986,2.324,0.167,0.986
4550,286,22.0,20,10,40.0,300,42.411,541.976,37.536,0.795,2.288,0.153,0.795
4551,286,22.0,20,10,40.0,300,53.308,546.78,36.535,0.424,2.268,0.147,0.424
4552,286,22.0,20,10,40.0,300,65.763,552.479,33.913,0.36,2.244,0.134,0.36
4553,286,22.0,20,10,40.0,300,80.001,556.246,34.138,0.688,2.229,0.133,0.688
4554,286,22.0,20,10,40.0,300,100.001,561.371,27.054,0.091,2.209,0.104,0.091
4555,286,22.0,20,10,40.0,300,120.001,564.589,30.77,0.535,2.196,0.117,0.535
4556,286,22.0,20,10,40.0,300,140.001,564.945,31.292,0.322,2.195,0.118,0.322
4557,286,22.0,20,10,40.0,300,160.001,567.262,30.926,0.449,2.186,0.116,0.449
4558,286,22.0,20,10,40.0,300,200.001,569.09,30.638,0.474,2.179,0.114,0.474
4559,286,22.0,20,10,40.0,300,240.001,571.62,29.555,0.602,2.169,0.109,0.602
4560,286,22.0,20,10,40.0,300,280.001,569.147,30.738,0.117,2.178,0.115,0.117
4561,286,22.0,20,10,40.0,300,330.001,573.253,29.795,0.624,2.163,0.11,0.624
4562,286,22.0,20,10,40.0,300,450.001,573.259,30.073,0.302,2.163,0.111,0.302
4563,286,22.0,20,10,40.0,300,500.001,574.871,29.717,0.518,2.157,0.109,0.518
4564,286,22.0,20,10,40.0,300,550.001,575.205,29.913,0.502,2.155,0.109,0.502
4565,286,22.0,20,10,40.0,300,600.001,574.334,30.547,0.373,2.159,0.112,0.373
4606,289,21.96,20,20,20.0,300,10.001,506.348,37.351,0.805,2.449,0.174,0.805
4607,289,21.96,20,20,20.0,300,21.349,524.617,37.657,1.01,2.363,0.164,1.01
4608,289,21.96,20,20,20.0,300,31.611,534.646,36.782,1.15,2.319,0.154,1.15
4609,289,21.96,20,20,20.0,300,42.507,541.823,34.543,0.923,2.288,0.141,0.923
4610,289,21.96,20,20,20.0,300,53.352,544.513,35.46,0.791,2.277,0.144,0.791
4611,289,21.96,20,20,20.0,300,65.787,547.282,33.908,0.311,2.265,0.136,0.311
4612,289,21.96,20,20,20.0,300,80.001,550.49,33.021,0.272,2.252,0.131,0.272
4613,289,21.96,20,20,20.0,300,100.001,553.575,32.543,0.627,2.24,0.128,0.627
4614,289,21.96,20,20,20.0,300,120.001,554.771,31.16,0.23,2.235,0.122,0.23
4615,289,21.96,20,20,20.0,300,140.001,555.492,32.707,0.47,2.232,0.128,0.47
4616,289,21.96,20,20,20.0,300,160.001,556.959,32.117,0.83,2.226,0.125,0.83
4617,289,21.96,20,20,20.0,300,200.001,557.008,32.56,0.533,2.226,0.126,0.533
4618,289,21.96,20,20,20.0,300,240.001,559.515,29.61,0.29,2.216,0.114,0.29
4619,289,21.96,20,20,20.0,300,280.001,558.822,31.89,0.51,2.219,0.123,0.51
4620,289,21.96,20,20,20.0,300,330.001,560.201,30.404,0.451,2.213,0.117,0.451
4621,289,21.96,20,20,20.0,300,380.001,560.902,30.166,0.481,2.21,0.116,0.481
4622,289,21.96,20,20,20.0,300,450.001,560.598,30.58,0.32,2.212,0.117,0.32
4623,289,21.96,20,20,20.0,300,500.001,560.898,31.141,0.469,2.21,0.119,0.469
4624,289,21.96,20,20,20.0,300,550.001,561.947,30.114,0.362,2.206,0.115,0.362
4625,289,21.96,20,20,20.0,300,600.001,561.704,29.484,0.155,2.207,0.113,0.155
4884,304,22.07,40,20,10.0,300,54.166,543.599,38.475,0.703,2.281,0.156,0.703
4885,304,22.07,40,20,10.0,300,66.668,547.552,37.619,0.541,2.264,0.15,0.541
4886,304,22.07,40,20,10.0,300,80.001,550.7,35.801,0.352,2.251,0.142,0.352
4887,304,22.07,40,20,10.0,300,100.001,553.695,36.935,0.788,2.239,0.145,0.788
4888,304,22.07,40,20,10.0,300,120.001,556.689,35.223,0.461,2.227,0.137,0.461
4889,304,22.07,40,20,10.0,300,140.001,558.628,32.528,0.129,2.219,0.126,0.129
4890,304,22.07,40,20,10.0,300,200.001,560.854,33.067,0.205,2.211,0.127,0.205
4891,304,22.07,40,20,10.0,300,280.001,562.017,33.238,0.114,2.206,0.127,0.114
4892,304,22.07,40,20,10.0,300,380.001,563.925,33.816,0.39,2.199,0.128,0.39
4893,304,22.07,40,20,10.0,300,550.001,565.357,33.661,0.458,2.193,0.127,0.458
